5 0.32991202346041065 0.3285528031290743 0.07135874877810364 0.07822685788787484
5 0.18475073313782991 0.31877444589309 0.08211143695014664 0.06649282920469363
5 0.07771260997067449 0.26075619295958274 0.05376344086021505 0.07301173402868318
5 0.20478983382209187 0.2059973924380704 0.06940371456500487 0.09126466753585398
5 0.260019550342131 0.30638852672750977 0.0469208211143695 0.05475880052151239
5 0.42864125122189634 0.24967405475880053 0.07331378299120236 0.06388526727509779
5 0.5141739980449658 0.3083441981747066 0.07038123167155427 0.09778357235984352
5 0.5845552297165199 0.3272490221642764 0.0469208211143695 0.05475880052151239
5 0.6524926686217009 0.30182529335071706 0.06940371456500487 0.10560625814863103
5 0.7961876832844574 0.30834419817470665 0.08699902248289346 0.12125162972620601
5 0.9594330400782012 0.3279009126466753 0.08113391984359737 0.1029986962190354
5 0.903225806451613 0.34224250325945244 0.043010752688172046 0.07692307692307693
5 0.7165200391006843 0.3207301173402869 0.04887585532746823 0.09126466753585398
