6 0.31109643328929987 0.31439894319682965 0.2919418758256275 0.32760898282694856
6 0.3130779392338177 0.7258916776750328 0.2774108322324967 0.28665785997357984
6 0.73778071334214 0.31505944517833556 0.2919418758256275 0.3315719947159842
6 0.5904887714663145 0.6479524438573318 0.13738441215323646 0.14398943196829594
6 0.73778071334214 0.6552179656538969 0.1466314398943197 0.11624834874504623
6 0.870541611624835 0.6439894319682959 0.12417437252311757 0.13077939233817698
6 0.5819022457067371 0.9273447820343462 0.1571994715984148 0.0924702774108322
6 0.7331571994715983 0.9266842800528401 0.15059445178335534 0.09907529722589167
6 0.9042272126816379 0.9253632760898283 0.17305151915455746 0.09114927344782034
6 0.8883751651254954 0.8401585204755615 0.16248348745046232 0.11889035667107001
6 0.7364597093791281 0.8335535006605018 0.16776750330250992 0.10039630118890354
