5 0.26174112256586485 0.8152920962199314 0.18213058419243985 0.23195876288659792
5 0.5624284077892325 0.6417525773195877 0.14891179839633448 0.16666666666666663
5 0.7777777777777777 0.7611683848797252 0.11912943871706756 0.1718213058419244
5 0.9581901489117984 0.6701030927835052 0.08361970217640319 0.13745704467353956
5 0.04123711340206184 0.22079037800687284 0.08247422680412368 0.09450171821305842
5 0.23024054982817868 0.39089347079037795 0.11683848797250858 0.14261168384879727
5 0.2061855670103092 0.23969072164948454 0.08247422680412368 0.09793814432989692
5 0.3550973654066436 0.2843642611683848 0.07560137457044673 0.09793814432989692
5 0.4845360824742268 0.43041237113402064 0.11683848797250858 0.12199312714776632
5 0.6466208476517755 0.4175257731958763 0.09965635738831616 0.12371134020618557
5 0.7520045819014893 0.4587628865979381 0.08820160366552121 0.10309278350515463
5 0.9684994272623138 0.45962199312714774 0.06300114547537228 0.09450171821305842
5 0.7256586483390606 0.3350515463917526 0.06529209621993128 0.0859106529209622
5 0.6323024054982818 0.33075601374570446 0.06414662084765176 0.070446735395189
5 0.5756013745704468 0.2577319587628867 0.06529209621993128 0.06872852233676978
5 0.6260022909507446 0.2620274914089347 0.046964490263459335 0.03951890034364261
5 0.6712485681557844 0.2697594501718213 0.057273768613975005 0.08247422680412372
5 0.22394043528064145 0.11512027491408933 0.0515463917525773 0.054982817869415807
5 0.17239404352806414 0.14261168384879724 0.07445589919816724 0.07903780068728522
5 0.044673539518900345 0.1374570446735395 0.08476517754868271 0.09965635738831616
5 0.46277205040091635 0.22766323024054982 0.04810996563573884 0.04982817869415808
5 0.46277205040091635 0.1847079037800687 0.050400916380297825 0.04639175257731959
5 0.32703321878579616 0.19072164948453604 0.05841924398625431 0.07903780068728519
5 0.32187857961053834 0.109106529209622 0.04810996563573884 0.03951890034364261
5 0.2869415807560138 0.08848797250859107 0.040091638029782356 0.03951890034364261
5 0.8281786941580757 0.28951890034364264 0.03665521191294388 0.04639175257731959
5 0.7268041237113404 0.25 0.042382588774341354 0.0429553264604811
5 0.7812142038946164 0.27835051546391754 0.050400916380297825 0.07560137457044673
5 0.9221076746849942 0.27663230240549824 0.04810996563573884 0.044673539518900345
5 0.8986254295532646 0.3616838487972508 0.08820160366552121 0.09450171821305842
4 0.3997709049255442 0.17353951890034366 0.0572737686139748 0.0824742268041237
4 0.5286368843069874 0.21735395189003437 0.046964490263459335 0.07731958762886598
4 0.6197021764032073 0.22422680412371135 0.052691867124856816 0.05326460481099656
5 0.8602520045819015 0.2611683848797251 0.04581901489117983 0.05841924398625429
5 0.43356242840778925 0.1331615120274914 0.030927835051546393 0.018900343642611683
5 0.026345933562428408 0.03951890034364261 0.052691867124856816 0.054982817869415807
